32, 32, 32, 32, 32, 32, 32, 32, 32, 32, 32, 32, 32, 177, 177, 177, 177, 177, 177, 32, 32, 32, 32, 32, 32, 32, 32, 32, 32, 177, 177, 177, 177, 177, 177, 
32, 32, 32, 32, 32, 32, 32, 32, 32, 32, 32, 32, 32, 177, 177, 177, 177, 177, 177, 177, 177, 32, 32, 32, 32, 32, 32, 32, 32, 177, 177, 177, 177, 177, 177, 
32, 32, 32, 32, 32, 32, 32, 32, 32, 32, 32, 32, 32, 177, 177, 177, 177, 177, 177, 177, 177, 32, 32, 32, 32, 32, 32, 32, 32, 177, 177, 177, 177, 177, 177, 
32, 32, 32, 32, 32, 32, 32, 32, 32, 32, 32, 32, 32, 177, 177, 177, 177, 177, 177, 177, 177, 32, 32, 177, 177, 177, 177, 177, 177, 177, 177, 177, 177, 177, 177, 
32, 32, 32, 32, 32, 32, 32, 177, 177, 177, 177, 177, 177, 177, 177, 177, 177, 177, 177, 177, 177, 177, 177, 177, 177, 177, 177, 177, 177, 177, 177, 177, 177, 177, 177, 
32, 32, 32, 32, 32, 32, 32, 177, 177, 177, 177, 177, 177, 177, 177, 177, 177, 177, 177, 177, 177, 177, 177, 177, 177, 177, 177, 177, 177, 177, 177, 177, 177, 177, 177, 32, 32, 32, 32, 32, 32, 32, 32, 222, 221, 
32, 32, 32, 32, 32, 32, 32, 177, 177, 177, 177, 177, 177, 177, 177, 177, 177, 219, 219, 177, 177, 177, 177, 177, 177, 177, 219, 219, 177, 177, 177, 177, 177, 177, 177, 32, 32, 32, 32, 32, 32, 32, 32, 222, 221, 
32, 32, 32, 32, 32, 32, 32, 177, 177, 177, 177, 177, 177, 177, 177, 219, 219, 177, 177, 177, 177, 177, 177, 177, 177, 177, 177, 177, 219, 219, 177, 177, 177, 177, 177, 32, 32, 32, 32, 32, 32, 32, 219, 219, 219, 219, 
32, 32, 32, 32, 32, 32, 32, 32, 177, 177, 177, 177, 177, 219, 219, 177, 177, 177, 177, 177, 177, 177, 177, 177, 177, 177, 177, 177, 177, 177, 219, 219, 177, 177, 177, 32, 32, 32, 32, 32, 32, 32, 32, 219, 219, 
32, 32, 32, 32, 32, 32, 32, 32, 177, 177, 177, 219, 219, 177, 177, 177, 219, 219, 219, 219, 177, 177, 177, 177, 177, 219, 219, 219, 219, 177, 177, 177, 219, 219, 177, 32, 32, 32, 32, 32, 32, 32, 32, 219, 219, 
32, 32, 32, 32, 32, 32, 32, 32, 177, 177, 177, 177, 177, 177, 177, 177, 177, 177, 177, 177, 177, 177, 177, 177, 177, 177, 177, 177, 177, 177, 177, 177, 177, 177, 177, 32, 32, 32, 32, 32, 32, 32, 32, 219, 219, 
32, 32, 32, 32, 32, 32, 32, 32, 177, 177, 177, 177, 177, 177, 177, 177, 177, 177, 177, 177, 177, 177, 177, 177, 177, 177, 177, 177, 177, 177, 177, 177, 177, 177, 177, 177, 177, 219, 219, 219, 219, 219, 219, 219, 219, 
32, 32, 32, 32, 219, 219, 177, 177, 177, 177, 177, 177, 177, 177, 177, 177, 177, 219, 219, 219, 219, 219, 219, 219, 219, 219, 219, 177, 177, 177, 177, 177, 177, 177, 177, 177, 177, 
32, 32, 219, 219, 32, 32, 177, 177, 177, 177, 177, 177, 177, 177, 177, 177, 177, 177, 177, 177, 177, 177, 177, 177, 177, 177, 177, 177, 177, 177, 177, 177, 177, 177, 177, 177, 177, 
219, 219, 32, 32, 32, 32, 177, 177, 177, 177, 177, 177, 177, 177, 177, 177, 177, 177, 177, 177, 177, 177, 177, 177, 177, 177, 177, 177, 177, 177, 177, 177, 177, 177, 177, 177, 177, 
219, 219, 32, 32, 32, 32, 177, 177, 177, 177, 177, 177, 177, 177, 177, 177, 177, 177, 177, 177, 177, 177, 177, 177, 177, 177, 177, 177, 177, 177, 177, 177, 177, 177, 177, 177, 177, 
32, 32, 32, 32, 32, 32, 177, 177, 177, 177, 177, 177, 177, 177, 177, 177, 177, 177, 177, 177, 177, 177, 177, 177, 177, 177, 177, 177, 177, 177, 177, 177, 177, 177, 177, 177, 177, 
32, 32, 32, 32, 32, 32, 177, 177, 177, 177, 177, 177, 177, 177, 177, 177, 177, 177, 177, 177, 177, 177, 177, 177, 177, 177, 177, 177, 177, 177, 177, 177, 177, 177, 177, 177, 177, 
32, 32, 32, 32, 32, 32, 32, 32, 32, 32, 32, 32, 32, 32, 32, 32, 32, 32, 219, 219, 32, 32, 32, 32, 219, 219, 
32, 32, 32, 32, 32, 32, 32, 32, 32, 32, 32, 32, 32, 32, 219, 219, 219, 219, 219, 219, 32, 32, 32, 32, 219, 219, 219, 219, 219, 219, 
